last name(i.e. 5a, 15b, 25c...) of le450_ > 15a
file: le450_15a
edges: 8168
nodes: 450
color: 15
Warning âš ï¸ The following techniques might lead the algorithm to no solution, use them cautiously.
Enter 'n' to disable a specific technique.
Random choice from MRV-DHed variables ðŸ˜¨ > y
Filter values after LCV sorting       ðŸ˜° > y
Enable Conflict-Directed Backjumping  ðŸ˜± > y
 [-------------------------100%ðŸ¥³------------------------] 7166.8s â¤´ 14265710
The solution is True
show solution? y/n y
[14, 13, 6, 8, 12, 12, 7, 13, 3, 10, 8, 4, 9, 1, 9, 4, 9, 12, 9, 9, 6, 9, 12, 9, 10, 10, 6, 12, 2, 1, 10, 5, 4, 2, 2, 6, 2, 8, 8, 1, 11, 4, 12, 1, 5, 10, 5, 13, 2, 10, 5, 2, 1, 1, 7, 10, 3, 1, 4, 15, 3, 5, 13, 6, 11, 9, 9, 15, 11, 3, 5, 3, 4, 8, 10, 4, 7, 8, 1, 3, 13, 11, 2, 10, 4, 13, 8, 9, 7, 7, 6, 15, 6, 7, 2, 9, 2, 2, 1, 14, 5, 15, 6, 15, 9, 6, 11, 5, 1, 7, 15, 6, 12, 7, 10, 5, 15, 11, 13, 1, 4, 5, 14, 4, 3, 11, 3, 6, 14, 14, 13, 6, 5, 11, 4, 12, 6, 12, 13, 1, 9, 5, 1, 14, 13, 14, 5, 12, 13, 13, 14, 1, 7, 8, 3, 5, 3, 1, 12, 13, 4, 3, 2, 9, 10, 6, 11, 11, 6, 15, 6, 2, 11, 11, 4, 10, 6, 6, 7, 3, 13, 7, 4, 14, 8, 7, 8, 12, 15, 4, 5, 11, 4, 5, 15, 8, 14, 1, 6, 3, 10, 8, 12, 9, 3, 5, 2, 8, 7, 13, 10, 4, 1, 4, 3, 9, 3, 13, 1, 15, 4, 15, 7, 7, 1, 8, 1, 5, 7, 1, 8, 1, 13, 15, 2, 14, 10, 8, 9, 12, 8, 6, 7, 10, 8, 11, 1, 3, 1, 1, 1, 6, 13, 15, 15, 13, 15, 8, 4, 5, 3, 14, 10, 10, 3, 8, 7, 11, 7, 8, 8, 14, 4, 3, 6, 9, 3, 10, 1, 3, 5, 3, 15, 9, 7, 13, 11, 13, 8, 11, 10, 8, 9, 7, 4, 4, 14, 13, 7, 10, 4, 12, 6, 2, 11, 11, 10, 14, 5, 3, 15, 6, 9, 7, 12, 4, 7, 10, 9, 1, 14, 10, 9, 14, 2, 3, 5, 4, 13, 10, 7, 3, 12, 1, 4, 12, 6, 15, 15, 15, 14, 15, 8, 1, 10, 13, 7, 2, 8, 5, 12, 14, 13, 6, 10, 5, 2, 11, 3, 5, 13, 7, 12, 10, 6, 12, 13, 15, 2, 3, 9, 12, 6, 13, 13, 8, 6, 4, 2, 14, 5, 6, 3, 9, 4, 11, 4, 8, 5, 11, 11, 13, 5, 2, 5, 6, 6, 7, 11, 5, 14, 14, 14, 4, 11, 8, 9, 4, 14, 7, 15, 14, 9, 1, 2, 8, 11, 10, 5, 10, 2, 5, 12, 3, 15, 5, 9, 11, 12, 11, 12, 15, 2, 2, 13, 4, 12, 10, 4, 2, 14, 6, 15, 7, 1, 6, 3, 14, 12, 5]
